27 27
1.0370 0.2593 0.0000 0.0000 0.0000 0.0000 0.0000 0.0000 0.0000 -1.1852 -0.2963 0.0000 0.0000 0.0000 0.0000 0.0000 0.0000 0.0000 0.1481 0.0370 0.0000 0.0000 0.0000 0.0000 0.0000 0.0000 0.0000
0.2593 0.2963 0.2593 -0.0185 0.0000 0.0000 0.0000 0.0000 0.0000 -0.2963 -0.1481 -0.2963 -0.0741 0.0000 0.0000 0.0000 0.0000 0.0000 0.0370 -0.1481 0.0370 0.0926 0.0000 0.0000 0.0000 0.0000 0.0000 
0.0000 0.2593 1.0370 0.2593 0.0000 0.0000 0.0000 0.0000 0.0000 0.0000 -0.2963 -1.1852 -0.2963 0.0000 0.0000 0.0000 0.0000 0.0000 0.0000 0.0370 0.1481 0.0370 0.0000 0.0000 0.0000 0.0000 0.0000 
0.0000 -0.0185 0.2593 0.2963 0.2593 -0.0185 0.0000 0.0000 0.0000 0.0000 -0.0741 -0.2963 -0.1481 -0.2963 -0.0741 0.0000 0.0000 0.0000 0.0000 0.0926 0.0370 -0.1481 0.0370 0.0926 0.0000 0.0000 0.0000 
0.0000 0.0000 0.0000 0.2593 1.0370 0.2593 0.0000 0.0000 0.0000 0.0000 0.0000 0.0000 -0.2963 -1.1852 -0.2963 0.0000 0.0000 0.0000 0.0000 0.0000 0.0000 0.0370 0.1481 0.0370 0.0000 0.0000 0.0000 
0.0000 0.0000 0.0000 -0.0185 0.2593 0.2963 0.2593 -0.0185 0.0000 0.0000 0.0000 0.0000 -0.0741 -0.2963 -0.1481 -0.2963 -0.0741 0.0000 0.0000 0.0000 0.0000 0.0926 0.0370 -0.1481 0.0370 0.0926 0.0000 
0.0000 0.0000 0.0000 0.0000 0.0000 0.2593 1.0370 0.2593 0.0000 0.0000 0.0000 0.0000 0.0000 0.0000 -0.2963 -1.1852 -0.2963 0.0000 0.0000 0.0000 0.0000 0.0000 0.0000 0.0370 0.1481 0.0370 0.0000 
0.0000 0.0000 0.0000 0.0000 0.0000 -0.0185 0.2593 0.2963 0.2593 0.0000 0.0000 0.0000 0.0000 0.0000 -0.0741 -0.2963 -0.1481 -0.2963 0.0000 0.0000 0.0000 0.0000 0.0000 0.0926 0.0370 -0.1481 0.0370 
0.0000 0.0000 0.0000 0.0000 0.0000 0.0000 0.0000 0.2593 1.0370 0.0000 0.0000 0.0000 0.0000 0.0000 0.0000 0.0000 -0.2963 -1.1852 0.0000 0.0000 0.0000 0.0000 0.0000 0.0000 0.0000 0.0370 0.1481 
-1.1852 -0.2963 0.0000 0.0000 0.0000 0.0000 0.0000 0.0000 0.0000 2.3704 0.5926 0.0000 0.0000 0.0000 0.0000 0.0000 0.0000 0.0000 -1.1852 -0.2963 0.0000 0.0000 0.0000 0.0000 0.0000 0.0000 0.0000 
-0.2963 -0.1481 -0.2963 -0.0741 0.0000 0.0000 0.0000 0.0000 0.0000 0.5926 0.2963 0.5926 0.1481 0.0000 0.0000 0.0000 0.0000 0.0000 -0.2963 -0.1481 -0.2963 -0.0741 0.0000 0.0000 0.0000 0.0000 0.0000 
0.0000 -0.2963 -1.1852 -0.2963 0.0000 0.0000 0.0000 0.0000 0.0000 0.0000 0.5926 2.3704 0.5926 0.0000 0.0000 0.0000 0.0000 0.0000 0.0000 -0.2963 -1.1852 -0.2963 0.0000 0.0000 0.0000 0.0000 0.0000 
0.0000 -0.0741 -0.2963 -0.1481 -0.2963 -0.0741 0.0000 0.0000 0.0000 0.0000 0.1481 0.5926 0.2963 0.5926 0.1481 0.0000 0.0000 0.0000 0.0000 -0.0741 -0.2963 -0.1481 -0.2963 -0.0741 0.0000 0.0000 0.0000 
0.0000 0.0000 0.0000 -0.2963 -1.1852 -0.2963 0.0000 0.0000 0.0000 0.0000 0.0000 0.0000 0.5926 2.3704 0.5926 0.0000 0.0000 0.0000 0.0000 0.0000 0.0000 -0.2963 -1.1852 -0.2963 0.0000 0.0000 0.0000 
0.0000 0.0000 0.0000 -0.0741 -0.2963 -0.1481 -0.2963 -0.0741 0.0000 0.0000 0.0000 0.0000 0.1481 0.5926 0.2963 0.5926 0.1481 0.0000 0.0000 0.0000 0.0000 -0.0741 -0.2963 -0.1481 -0.2963 -0.0741 0.0000 
0.0000 0.0000 0.0000 0.0000 0.0000 -0.2963 -1.1852 -0.2963 0.0000 0.0000 0.0000 0.0000 0.0000 0.0000 0.5926 2.3704 0.5926 0.0000 0.0000 0.0000 0.0000 0.0000 0.0000 -0.2963 -1.1852 -0.2963 0.0000 
0.0000 0.0000 0.0000 0.0000 0.0000 -0.0741 -0.2963 -0.1481 -0.2963 0.0000 0.0000 0.0000 0.0000 0.0000 0.1481 0.5926 0.2963 0.5926 0.0000 0.0000 0.0000 0.0000 0.0000 -0.0741 -0.2963 -0.1481 -0.2963 
0.0000 0.0000 0.0000 0.0000 0.0000 0.0000 0.0000 -0.2963 -1.1852 0.0000 0.0000 0.0000 0.0000 0.0000 0.0000 0.0000 0.5926 2.3704 0.0000 0.0000 0.0000 0.0000 0.0000 0.0000 0.0000 -0.2963 -1.1852 
0.1481 0.0370 0.0000 0.0000 0.0000 0.0000 0.0000 0.0000 0.0000 -1.1852 -0.2963 0.0000 0.0000 0.0000 0.0000 0.0000 0.0000 0.0000 1.0370 0.2593 0.0000 0.0000 0.0000 0.0000 0.0000 0.0000 0.0000 
0.0370 -0.1481 0.0370 0.0926 0.0000 0.0000 0.0000 0.0000 0.0000 -0.2963 -0.1481 -0.2963 -0.0741 0.0000 0.0000 0.0000 0.0000 0.0000 0.2593 0.2963 0.2593 -0.0185 0.0000 0.0000 0.0000 0.0000 0.0000 
0.0000 0.0370 0.1481 0.0370 0.0000 0.0000 0.0000 0.0000 0.0000 0.0000 -0.2963 -1.1852 -0.2963 0.0000 0.0000 0.0000 0.0000 0.0000 0.0000 0.2593 1.0370 0.2593 0.0000 0.0000 0.0000 0.0000 0.0000 
0.0000 0.0926 0.0370 -0.1481 0.0370 0.0926 0.0000 0.0000 0.0000 0.0000 -0.0741 -0.2963 -0.1481 -0.2963 -0.0741 0.0000 0.0000 0.0000 0.0000 -0.0185 0.2593 0.2963 0.2593 -0.0185 0.0000 0.0000 0.0000 
0.0000 0.0000 0.0000 0.0370 0.1481 0.0370 0.0000 0.0000 0.0000 0.0000 0.0000 0.0000 -0.2963 -1.1852 -0.2963 0.0000 0.0000 0.0000 0.0000 0.0000 0.0000 0.2593 1.0370 0.2593 0.0000 0.0000 0.0000 
0.0000 0.0000 0.0000 0.0926 0.0370 -0.1481 0.0370 0.0926 0.0000 0.0000 0.0000 0.0000 -0.0741 -0.2963 -0.1481 -0.2963 -0.0741 0.0000 0.0000 0.0000 0.0000 -0.0185 0.2593 0.2963 0.2593 -0.0185 0.0000 
0.0000 0.0000 0.0000 0.0000 0.0000 0.0370 0.1481 0.0370 0.0000 0.0000 0.0000 0.0000 0.0000 0.0000 -0.2963 -1.1852 -0.2963 0.0000 0.0000 0.0000 0.0000 0.0000 0.0000 0.2593 1.0370 0.2593 0.0000 
0.0000 0.0000 0.0000 0.0000 0.0000 0.0926 0.0370 -0.1481 0.0370 0.0000 0.0000 0.0000 0.0000 0.0000 -0.0741 -0.2963 -0.1481 -0.2963 0.0000 0.0000 0.0000 0.0000 0.0000 -0.0185 0.2593 0.2963 0.2593 
0.0000 0.0000 0.0000 0.0000 0.0000 0.0000 0.0000 0.0370 0.1481 0.0000 0.0000 0.0000 0.0000 0.0000 0.0000 0.0000 -0.2963 -1.1852 0.0000 0.0000 0.0000 0.0000 0.0000 0.0000 0.0000 0.2593 1.0370 
